Ievadi 'a' vērtību
0
Ievadi 'b' vērtību
2
Ievadi 'delta_x' vērtību
0.01

x	f(x)	f'(x)	f'(x)	f''(x)	f''(x)
 	    	     	form.	      	form.

0.00	1.00	2.02	2.00	-    	3.00
0.01	1.02	2.05	2.03	3.04	3.04
0.02	1.04	2.08	2.06	3.08	3.08
0.03	1.06	2.11	2.09	3.12	3.12
0.04	1.08	2.14	2.12	3.16	3.16
0.05	1.10	2.17	2.16	3.21	3.21
0.06	1.13	2.20	2.19	3.25	3.25
0.07	1.15	2.24	2.22	3.29	3.29
0.08	1.17	2.27	2.25	3.34	3.34
0.09	1.19	2.30	2.29	3.38	3.38
0.10	1.22	2.34	2.32	3.43	3.43
0.11	1.24	2.37	2.36	3.47	3.47
0.12	1.26	2.41	2.39	3.52	3.52
0.13	1.29	2.44	2.43	3.56	3.56
0.14	1.31	2.48	2.46	3.61	3.61
0.15	1.34	2.52	2.50	3.66	3.66
0.16	1.36	2.55	2.53	3.71	3.71
0.17	1.39	2.59	2.57	3.76	3.76
0.18	1.41	2.63	2.61	3.81	3.81
0.19	1.44	2.67	2.65	3.86	3.86
0.20	1.47	2.71	2.69	3.91	3.91
0.21	1.49	2.75	2.73	3.96	3.96
0.22	1.52	2.79	2.77	4.01	4.01
0.23	1.55	2.83	2.81	4.07	4.07
0.24	1.58	2.87	2.85	4.12	4.12
0.25	1.61	2.91	2.89	4.17	4.17
0.26	1.63	2.95	2.93	4.23	4.23
0.27	1.66	3.00	2.97	4.28	4.28
0.28	1.69	3.04	3.02	4.34	4.34
0.29	1.72	3.08	3.06	4.40	4.40
0.30	1.75	3.13	3.10	4.45	4.45
0.31	1.79	3.17	3.15	4.51	4.51
0.32	1.82	3.22	3.19	4.57	4.57
0.33	1.85	3.26	3.24	4.63	4.63
0.34	1.88	3.31	3.29	4.69	4.69
0.35	1.92	3.36	3.33	4.75	4.75
0.36	1.95	3.41	3.38	4.82	4.82
0.37	1.98	3.46	3.43	4.88	4.88
0.38	2.02	3.51	3.48	4.94	4.94
0.39	2.05	3.56	3.53	5.01	5.01
0.40	2.09	3.61	3.58	5.07	5.07
0.41	2.12	3.66	3.63	5.14	5.14
0.42	2.16	3.71	3.68	5.21	5.21
0.43	2.20	3.76	3.74	5.27	5.27
0.44	2.24	3.82	3.79	5.34	5.34
0.45	2.27	3.87	3.84	5.41	5.41
0.46	2.31	3.92	3.90	5.48	5.48
0.47	2.35	3.98	3.95	5.55	5.55
0.48	2.39	4.04	4.01	5.62	5.62
0.49	2.43	4.09	4.06	5.70	5.70
0.50	2.47	4.15	4.12	5.77	5.77
0.51	2.51	4.21	4.18	5.85	5.85
0.52	2.56	4.27	4.24	5.92	5.92
0.53	2.60	4.33	4.30	6.00	6.00
0.54	2.64	4.39	4.36	6.07	6.07
0.55	2.69	4.45	4.42	6.15	6.15
0.56	2.73	4.51	4.48	6.23	6.23
0.57	2.78	4.58	4.54	6.31	6.31
0.58	2.82	4.64	4.61	6.39	6.39
0.59	2.87	4.70	4.67	6.48	6.48
0.60	2.92	4.77	4.74	6.56	6.56
0.61	2.96	4.84	4.80	6.64	6.64
0.62	3.01	4.90	4.87	6.73	6.73
0.63	3.06	4.97	4.94	6.82	6.82
0.64	3.11	5.04	5.01	6.90	6.90
0.65	3.16	5.11	5.08	6.99	6.99
0.66	3.21	5.18	5.15	7.08	7.08
0.67	3.26	5.25	5.22	7.17	7.17
0.68	3.32	5.33	5.29	7.26	7.26
0.69	3.37	5.40	5.36	7.36	7.36
0.70	3.42	5.47	5.44	7.45	7.45
0.71	3.48	5.55	5.51	7.55	7.55
0.72	3.53	5.63	5.59	7.64	7.64
0.73	3.59	5.70	5.66	7.74	7.74
0.74	3.65	5.78	5.74	7.84	7.84
0.75	3.70	5.86	5.82	7.94	7.94
0.76	3.76	5.94	5.90	8.04	8.04
0.77	3.82	6.02	5.98	8.14	8.14
0.78	3.88	6.11	6.06	8.25	8.25
0.79	3.94	6.19	6.15	8.35	8.35
0.80	4.01	6.27	6.23	8.46	8.46
0.81	4.07	6.36	6.32	8.56	8.56
0.82	4.13	6.45	6.40	8.67	8.67
0.83	4.20	6.53	6.49	8.78	8.78
0.84	4.26	6.62	6.58	8.89	8.89
0.85	4.33	6.71	6.67	9.01	9.01
0.86	4.40	6.80	6.76	9.12	9.12
0.87	4.46	6.90	6.85	9.24	9.24
0.88	4.53	6.99	6.94	9.35	9.35
0.89	4.60	7.09	7.04	9.47	9.47
0.90	4.67	7.18	7.13	9.59	9.59
0.91	4.75	7.28	7.23	9.71	9.71
0.92	4.82	7.38	7.33	9.84	9.84
0.93	4.89	7.48	7.43	9.96	9.96
0.94	4.97	7.58	7.53	10.09	10.09
0.95	5.04	7.68	7.63	10.21	10.21
0.96	5.12	7.78	7.73	10.34	10.34
0.97	5.20	7.89	7.83	10.47	10.47
0.98	5.28	7.99	7.94	10.60	10.60
0.99	5.36	8.10	8.05	10.74	10.74
1.00	5.44	8.21	8.15	10.87	10.87
1.01	5.52	8.32	8.26	11.01	11.01
1.02	5.60	8.43	8.38	11.15	11.15
1.03	5.69	8.54	8.49	11.29	11.29
1.04	5.77	8.66	8.60	11.43	11.43
1.05	5.86	8.77	8.72	11.57	11.57
1.06	5.95	8.89	8.83	11.72	11.72
1.07	6.03	9.01	8.95	11.87	11.87
1.08	6.12	9.13	9.07	12.01	12.01
1.09	6.22	9.25	9.19	12.16	12.16
1.10	6.31	9.37	9.31	12.32	12.32
1.11	6.40	9.50	9.44	12.47	12.47
1.12	6.50	9.63	9.56	12.63	12.63
1.13	6.59	9.75	9.69	12.79	12.79
1.14	6.69	9.88	9.82	12.94	12.94
1.15	6.79	10.01	9.95	13.11	13.11
1.16	6.89	10.15	10.08	13.27	13.27
1.17	6.99	10.28	10.21	13.44	13.44
1.18	7.09	10.42	10.35	13.60	13.60
1.19	7.20	10.55	10.49	13.77	13.77
1.20	7.30	10.69	10.62	13.94	13.94
1.21	7.41	10.84	10.76	14.12	14.12
1.22	7.52	10.98	10.91	14.29	14.29
1.23	7.63	11.12	11.05	14.47	14.47
1.24	7.74	11.27	11.20	14.65	14.65
1.25	7.85	11.42	11.34	14.83	14.83
1.26	7.97	11.57	11.49	15.02	15.02
1.27	8.08	11.72	11.64	15.21	15.20
1.28	8.20	11.87	11.80	15.39	15.39
1.29	8.32	12.03	11.95	15.58	15.58
1.30	8.44	12.19	12.11	15.78	15.78
1.31	8.56	12.35	12.27	15.97	15.97
1.32	8.68	12.51	12.43	16.17	16.17
1.33	8.81	12.67	12.59	16.37	16.37
1.34	8.94	12.84	12.76	16.57	16.57
1.35	9.06	13.01	12.92	16.78	16.78
1.36	9.20	13.18	13.09	16.99	16.99
1.37	9.33	13.35	13.26	17.20	17.20
1.38	9.46	13.52	13.44	17.41	17.41
1.39	9.60	13.70	13.61	17.63	17.63
1.40	9.73	13.88	13.79	17.84	17.84
1.41	9.87	14.06	13.97	18.06	18.06
1.42	10.01	14.24	14.15	18.29	18.29
1.43	10.15	14.43	14.33	18.51	18.51
1.44	10.30	14.61	14.52	18.74	18.74
1.45	10.44	14.80	14.71	18.97	18.97
1.46	10.59	15.00	14.90	19.20	19.20
1.47	10.74	15.19	15.09	19.44	19.44
1.48	10.89	15.39	15.29	19.68	19.68
1.49	11.05	15.59	15.49	19.92	19.92
1.50	11.20	15.79	15.69	20.17	20.17
1.51	11.36	15.99	15.89	20.42	20.42
1.52	11.52	16.20	16.09	20.67	20.67
1.53	11.68	16.41	16.30	20.92	20.92
1.54	11.85	16.62	16.51	21.18	21.18
1.55	12.01	16.83	16.73	21.44	21.44
1.56	12.18	17.05	16.94	21.70	21.70
1.57	12.35	17.27	17.16	21.97	21.97
1.58	12.53	17.49	17.38	22.24	22.24
1.59	12.70	17.72	17.60	22.51	22.51
1.60	12.88	17.95	17.83	22.78	22.78
1.61	13.06	18.18	18.06	23.06	23.06
1.62	13.24	18.41	18.29	23.35	23.35
1.63	13.42	18.65	18.53	23.63	23.63
1.64	13.61	18.88	18.76	23.92	23.92
1.65	13.80	19.13	19.01	24.21	24.21
1.66	13.99	19.37	19.25	24.51	24.51
1.67	14.18	19.62	19.50	24.81	24.81
1.68	14.38	19.87	19.75	25.11	25.11
1.69	14.58	20.13	20.00	25.42	25.42
1.70	14.78	20.38	20.25	25.73	25.73
1.71	14.98	20.64	20.51	26.04	26.04
1.72	15.19	20.91	20.77	26.36	26.36
1.73	15.40	21.17	21.04	26.68	26.68
1.74	15.61	21.44	21.31	27.01	27.01
1.75	15.83	21.72	21.58	27.33	27.33
1.76	16.04	21.99	21.85	27.67	27.67
1.77	16.26	22.27	22.13	28.00	28.00
1.78	16.49	22.56	22.41	28.35	28.34
1.79	16.71	22.84	22.70	28.69	28.69
1.80	16.94	23.13	22.99	29.04	29.04
1.81	17.17	23.43	23.28	29.39	29.39
1.82	17.40	23.73	23.58	29.75	29.75
1.83	17.64	24.03	23.88	30.11	30.11
1.84	17.88	24.33	24.18	30.48	30.48
1.85	18.13	24.64	24.49	30.85	30.85
1.86	18.37	24.95	24.80	31.22	31.22
1.87	18.62	25.27	25.11	31.60	31.60
1.88	18.87	25.59	25.43	31.98	31.98
1.89	19.13	25.91	25.75	32.37	32.37
1.90	19.39	26.24	26.07	32.76	32.76
1.91	19.65	26.57	26.40	33.16	33.16
1.92	19.92	26.91	26.74	33.56	33.56
1.93	20.19	27.25	27.08	33.97	33.97
1.94	20.46	27.59	27.42	34.38	34.38
1.95	20.73	27.94	27.76	34.79	34.79
1.96	21.01	28.29	28.11	35.21	35.21
1.97	21.30	28.65	28.47	35.64	35.64
1.98	21.58	29.01	28.83	36.07	36.07
1.99	21.87	29.37	29.19	36.50	36.50
2.00	22.17	-    	29.56	-    	36.95
